1 1 2430334
1 2 28786472
2 1 321
2 2 386
3 1 167650499
3 2 95846796
4 1 2575
4 2 2041
5 1 3608
5 2 4922
6 1 5534
6 2 2262
7 1 2299996598890
7 2 362646859298554
8 1 332
8 2 1174
9 1 6200294120911
9 2 6227018762750
10 1 820
10 2 1786
11 1 190865
11 2 225404711855335
12 1 1449902
12 2 908042
13 1 36870
13 2 78101482023732
14 1 231852216
14 2 8159
15 1 1426855
15 2 1404917
16 1 93436
16 2 486
17 1 7,1,5,2,4,0,7,6,1
17 2 37222273957364
18 1 344
18 2 46,18
19 1 263
19 2 723524534506343
20 1 1530
20 2 1033983
21 1 163920
21 2 204040805018350
22 1 14392541715
22 2 1628
23 1 1599
23 2 av,ax,dg,di,dw,fa,ge,kh,ki,ot,qw,vz,yw
24 1 51657025112326
24 2 gbf,hdt,jgt,mht,nbf,z05,z09,z30
25 1 3136
25 2 *
